Date	Open	High	Low	Close	Adj Close	Volume
2016-01-04	62900.0	63300.0	60300.0	60300.0	60300.0	463670
2016-01-05	59700.0	61900.0	59500.0	61600.0	61600.0	463770
2016-01-06	62000.0	62000.0	60400.0	61200.0	61200.0	395896
2016-01-07	60800.0	62700.0	60600.0	61600.0	61600.0	341168
2016-01-08	60200.0	61600.0	59500.0	61300.0	61300.0	423373
2016-01-11	60500.0	61000.0	60000.0	60100.0	60100.0	252564
2016-01-12	60400.0	60700.0	56200.0	56600.0	56600.0	841704
2016-01-13	56700.0	58000.0	56300.0	57000.0	57000.0	556571
2016-01-14	56400.0	56400.0	54700.0	55400.0	55400.0	596031
2016-01-15	56200.0	56300.0	55600.0	56100.0	56100.0	336116
2016-01-18	55500.0	55600.0	54100.0	54300.0	54300.0	323162
2016-01-19	54400.0	55700.0	54000.0	55600.0	55600.0	318396
2016-01-20	55700.0	55800.0	53000.0	53000.0	53000.0	526588
2016-01-21	52500.0	54400.0	52000.0	53400.0	53400.0	358749
2016-01-22	54200.0	55100.0	53600.0	54800.0	54800.0	374389
2016-01-25	55100.0	55300.0	53700.0	54100.0	54100.0	367273
2016-01-26	53900.0	53900.0	51500.0	51800.0	51800.0	612248
2016-01-27	52000.0	54400.0	52000.0	54300.0	54300.0	506643
2016-01-28	53500.0	55300.0	52900.0	55100.0	55100.0	381754
2016-01-29	55800.0	55900.0	54200.0	55200.0	55200.0	420592
2016-02-01	55300.0	57900.0	55000.0	57800.0	57800.0	666711
2016-02-02	57200.0	57700.0	56500.0	57100.0	57100.0	301942
2016-02-03	56500.0	56700.0	54200.0	54300.0	54300.0	457908
2016-02-04	54600.0	56800.0	54400.0	56600.0	56600.0	477025
2016-02-05	56500.0	57200.0	55600.0	56500.0	56500.0	246903
2016-02-11	54500.0	55700.0	54100.0	54100.0	54100.0	275476
2016-02-12	54000.0	58500.0	53800.0	57600.0	57600.0	804636
2016-02-15	58600.0	58600.0	56700.0	58300.0	58300.0	367396
2016-02-16	58000.0	59000.0	57600.0	59000.0	59000.0	253952
2016-02-17	59100.0	60600.0	58600.0	60300.0	60300.0	507022
2016-02-18	60800.0	60900.0	59600.0	60500.0	60500.0	374201
2016-02-19	60000.0	60500.0	58300.0	59100.0	59100.0	455084
2016-02-22	59200.0	60000.0	57900.0	58600.0	58600.0	540387
2016-02-23	59200.0	59300.0	56100.0	56300.0	56300.0	697486
2016-02-24	56100.0	58400.0	56100.0	58400.0	58400.0	451482
2016-02-25	58600.0	58900.0	56700.0	57000.0	57000.0	356386
2016-02-26	56600.0	57400.0	54600.0	54700.0	54700.0	913071
2016-02-29	55100.0	55400.0	53800.0	54200.0	54200.0	627080
2016-03-02	55200.0	55500.0	53900.0	54200.0	54200.0	654991
2016-03-03	54700.0	55800.0	54400.0	55800.0	55800.0	510412
2016-03-04	56300.0	57200.0	55800.0	56100.0	56100.0	640226
2016-03-07	56400.0	56600.0	55400.0	56200.0	56200.0	451763
2016-03-08	56300.0	56600.0	55600.0	55700.0	55700.0	292682
2016-03-09	56100.0	56300.0	55400.0	56300.0	56300.0	297172
2016-03-10	56400.0	57400.0	55800.0	57400.0	57400.0	535643
2016-03-11	58100.0	59400.0	57500.0	59100.0	59100.0	883032
2016-03-14	59700.0	59800.0	57900.0	58000.0	58000.0	466569
2016-03-15	58000.0	58500.0	57300.0	57700.0	57700.0	306103
2016-03-16	58200.0	58500.0	57500.0	57900.0	57900.0	302491
2016-03-17	58300.0	60400.0	58100.0	60100.0	60100.0	831928
2016-03-18	60100.0	60900.0	59300.0	59700.0	59700.0	519273
2016-03-21	60100.0	61400.0	59300.0	60300.0	60300.0	492986
2016-03-22	60400.0	60600.0	59000.0	59300.0	59300.0	378789
2016-03-23	59400.0	60200.0	58500.0	58800.0	58800.0	368982
2016-03-24	58500.0	58800.0	56800.0	57500.0	57500.0	495570
2016-03-25	57300.0	57500.0	56000.0	56000.0	56000.0	498574
2016-03-28	56100.0	56600.0	55800.0	56000.0	56000.0	259818
2016-03-29	56100.0	56500.0	55200.0	56000.0	56000.0	574532
2016-03-30	57100.0	59200.0	57100.0	59000.0	59000.0	882499
2016-03-31	59200.0	59300.0	58300.0	58800.0	58800.0	387762
2016-04-01	59000.0	59000.0	56000.0	56200.0	56200.0	656656
2016-04-04	56200.0	56800.0	55600.0	56000.0	56000.0	315948
2016-04-05	56100.0	57000.0	55600.0	56100.0	56100.0	363142
2016-04-06	56000.0	56200.0	53800.0	54200.0	54200.0	827343
2016-04-07	54800.0	55300.0	54000.0	54500.0	54500.0	406649
2016-04-08	54100.0	54800.0	54000.0	54800.0	54800.0	219895
2016-04-11	54500.0	55000.0	54400.0	54800.0	54800.0	181756
2016-04-12	55000.0	55900.0	54800.0	55100.0	55100.0	260482
2016-04-14	55400.0	55600.0	55100.0	55200.0	55200.0	292893
2016-04-15	55400.0	55800.0	55000.0	55100.0	55100.0	290750
2016-04-18	55100.0	56300.0	55000.0	55900.0	55900.0	388091
2016-04-19	56500.0	57100.0	55700.0	55800.0	55800.0	475291
2016-04-20	56000.0	56300.0	54600.0	54700.0	54700.0	497287
2016-04-21	54900.0	55200.0	54600.0	54700.0	54700.0	353498
2016-04-22	54600.0	55200.0	54600.0	54600.0	54600.0	245542
2016-04-25	54700.0	55300.0	54500.0	54800.0	54800.0	267896
2016-04-26	54800.0	54900.0	53300.0	53400.0	53400.0	736928
2016-04-27	53700.0	54000.0	52500.0	52800.0	52800.0	461251
2016-04-28	53100.0	53200.0	52600.0	52700.0	52700.0	321740
2016-04-29	52600.0	52800.0	52000.0	52100.0	52100.0	357750
2016-05-02	52100.0	52600.0	51600.0	51700.0	51700.0	239154
2016-05-03	51700.0	52000.0	50800.0	51200.0	51200.0	466952
2016-05-04	50900.0	51100.0	50400.0	50500.0	50500.0	354188
2016-05-09	50200.0	50800.0	49700.0	49700.0	49700.0	372204
2016-05-10	49550.0	51100.0	49550.0	50800.0	50800.0	334366
2016-05-11	50800.0	51300.0	50100.0	50400.0	50400.0	351717
2016-05-12	50200.0	50500.0	49850.0	50400.0	50400.0	145292
2016-05-13	50300.0	50400.0	49850.0	49950.0	49950.0	263497
2016-05-16	50000.0	51800.0	50000.0	51500.0	51500.0	383863
2016-05-17	51700.0	51900.0	50800.0	50900.0	50900.0	269438
2016-05-18	50700.0	50900.0	49950.0	50600.0	50600.0	321362
2016-05-19	50500.0	51000.0	50200.0	50500.0	50500.0	201062
2016-05-20	50500.0	51300.0	50200.0	50500.0	50500.0	307542
2016-05-23	51000.0	51100.0	50300.0	50600.0	50600.0	187005
2016-05-24	51000.0	51000.0	50000.0	50000.0	50000.0	232878
2016-05-25	50600.0	53200.0	50100.0	52600.0	52600.0	939287
2016-05-26	53000.0	53200.0	52100.0	52300.0	52300.0	325089
2016-05-27	52600.0	53700.0	52600.0	53200.0	53200.0	339339
2016-05-30	53100.0	53200.0	52100.0	52300.0	52300.0	221207
2016-05-31	52000.0	52600.0	51900.0	52200.0	52200.0	560079
2016-06-01	51700.0	52200.0	51100.0	52000.0	52000.0	346072
2016-06-02	51800.0	51900.0	50600.0	50700.0	50700.0	448716
2016-06-03	51000.0	51800.0	50700.0	51300.0	51300.0	288578
2016-06-07	51100.0	51900.0	51000.0	51800.0	51800.0	243775
2016-06-08	51900.0	52000.0	50700.0	51200.0	51200.0	332614
2016-06-09	51400.0	51400.0	50700.0	51100.0	51100.0	375291
2016-06-10	51200.0	51400.0	50800.0	51300.0	51300.0	187511
2016-06-13	51100.0	52400.0	50700.0	52400.0	52400.0	381269
2016-06-14	52200.0	52400.0	51100.0	51400.0	51400.0	332859
2016-06-15	51400.0	52000.0	51100.0	51300.0	51300.0	244244
2016-06-16	51500.0	51800.0	50700.0	50800.0	50800.0	274306
2016-06-17	50900.0	51700.0	50800.0	51200.0	51200.0	212915
2016-06-20	51600.0	52000.0	51300.0	51800.0	51800.0	241464
2016-06-21	51800.0	52000.0	50500.0	50700.0	50700.0	306889
2016-06-22	50800.0	51200.0	50400.0	50900.0	50900.0	221489
2016-06-23	50700.0	51100.0	50600.0	50900.0	50900.0	176276
2016-06-24	51400.0	51600.0	49350.0	49650.0	49650.0	702018
2016-06-27	48350.0	49400.0	48300.0	49300.0	49300.0	306833
2016-06-28	48650.0	49700.0	48650.0	49250.0	49250.0	213324
2016-06-29	49700.0	50600.0	49650.0	50000.0	50000.0	227412
2016-06-30	50500.0	50500.0	50000.0	50100.0	50100.0	183742
2016-07-01	50300.0	50800.0	50200.0	50200.0	50200.0	223228
2016-07-04	50400.0	50700.0	50100.0	50300.0	50300.0	162523
2016-07-05	50300.0	50400.0	49300.0	49400.0	49400.0	452765
2016-07-06	49000.0	49300.0	48150.0	48200.0	48200.0	421970
2016-07-07	48600.0	49400.0	48350.0	48350.0	48350.0	321586
2016-07-08	48200.0	48250.0	46550.0	46700.0	46700.0	817022
2016-07-11	46800.0	47600.0	46750.0	47400.0	47400.0	273681
2016-07-12	47400.0	47900.0	47000.0	47600.0	47600.0	246048
2016-07-13	48000.0	49900.0	48000.0	49850.0	49850.0	699889
2016-07-14	49850.0	52500.0	49850.0	52200.0	52200.0	1250270
2016-07-15	53100.0	53200.0	51900.0	52000.0	52000.0	522093
2016-07-18	52600.0	53000.0	51900.0	52100.0	52100.0	278023
2016-07-19	52000.0	52700.0	51600.0	51800.0	51800.0	238635
2016-07-20	51800.0	52600.0	51000.0	52400.0	52400.0	261720
2016-07-21	52500.0	52500.0	51700.0	52300.0	52300.0	174282
2016-07-22	52600.0	55700.0	52500.0	55300.0	55300.0	1803686
2016-07-25	55700.0	56100.0	54600.0	55800.0	55800.0	630862
2016-07-26	55400.0	56000.0	54900.0	55900.0	55900.0	309016
2016-07-27	55600.0	56100.0	55200.0	55900.0	55900.0	256359
2016-07-28	56000.0	56300.0	54600.0	55000.0	55000.0	354193
2016-07-29	55000.0	56200.0	54400.0	55200.0	55200.0	419010
2016-08-01	55800.0	57500.0	55700.0	57400.0	57400.0	675921
2016-08-02	57400.0	57500.0	56200.0	56300.0	56300.0	320505
2016-08-03	56300.0	56300.0	54900.0	55200.0	55200.0	372533
2016-08-04	56300.0	59000.0	56300.0	58800.0	58800.0	1198425
2016-08-05	59300.0	60000.0	58500.0	58900.0	58900.0	670444
2016-08-08	59800.0	60500.0	58500.0	58600.0	58600.0	469234
2016-08-09	58400.0	59600.0	58400.0	59500.0	59500.0	239844
2016-08-10	59500.0	59600.0	58100.0	58300.0	58300.0	388405
2016-08-11	58000.0	58800.0	57100.0	58700.0	58700.0	355874
2016-08-12	58700.0	59100.0	58200.0	58600.0	58600.0	240263
2016-08-16	58900.0	59000.0	57500.0	57600.0	57600.0	254317
2016-08-17	57400.0	58300.0	57300.0	58000.0	58000.0	160786
2016-08-18	58000.0	61500.0	58000.0	61300.0	61300.0	1158876
2016-08-19	61300.0	61300.0	59900.0	60100.0	60100.0	553222
2016-08-22	60200.0	61400.0	59700.0	60000.0	60000.0	427682
2016-08-23	60300.0	60700.0	59200.0	59300.0	59300.0	339312
2016-08-24	59400.0	60000.0	58000.0	58800.0	58800.0	380047
2016-08-25	58800.0	59800.0	58400.0	59500.0	59500.0	337081
2016-08-26	58700.0	59200.0	57500.0	57800.0	57800.0	431214
2016-08-29	57000.0	57300.0	56300.0	56700.0	56700.0	347676
2016-08-30	56900.0	57100.0	54400.0	54800.0	54800.0	851065
2016-08-31	54400.0	54900.0	53100.0	53200.0	53200.0	660790
2016-09-01	52300.0	52800.0	51000.0	52000.0	52000.0	925078
2016-09-02	51600.0	52800.0	51400.0	52700.0	52700.0	495837
2016-09-05	52300.0	52900.0	52000.0	52600.0	52600.0	480293
2016-09-06	53000.0	53700.0	52300.0	53600.0	53600.0	525523
2016-09-07	53800.0	53900.0	52900.0	53000.0	53000.0	291165
2016-09-08	52900.0	53200.0	52500.0	52500.0	52500.0	275440
2016-09-09	52300.0	53000.0	51300.0	51600.0	51600.0	377353
2016-09-12	50000.0	50300.0	47400.0	47700.0	47700.0	1958606
2016-09-13	48700.0	49850.0	48500.0	48700.0	48700.0	808938
2016-09-19	48300.0	49450.0	48250.0	48750.0	48750.0	440261
2016-09-20	48600.0	49650.0	48600.0	48900.0	48900.0	348114
2016-09-21	49050.0	50000.0	49000.0	49900.0	49900.0	428777
2016-09-22	49800.0	50300.0	49500.0	49550.0	49550.0	318642
2016-09-23	49200.0	49700.0	49000.0	49150.0	49150.0	387974
2016-09-26	49200.0	49250.0	48600.0	48700.0	48700.0	269044
2016-09-27	48650.0	49100.0	48500.0	48950.0	48950.0	169590
2016-09-28	48800.0	49200.0	48350.0	48350.0	48350.0	287724
2016-09-29	48750.0	49600.0	48500.0	49350.0	49350.0	329197
2016-09-30	49350.0	49350.0	48700.0	48900.0	48900.0	229223
2016-10-04	49150.0	49550.0	49000.0	49050.0	49050.0	171497
2016-10-05	49050.0	49050.0	48350.0	48400.0	48400.0	306708
2016-10-06	48600.0	48850.0	48350.0	48450.0	48450.0	298717
2016-10-07	48350.0	48750.0	48050.0	48150.0	48150.0	262355
2016-10-10	47150.0	48900.0	47100.0	47800.0	47800.0	490727
2016-10-11	48100.0	48200.0	47300.0	47500.0	47500.0	385295
2016-10-12	47000.0	48150.0	47000.0	48050.0	48050.0	229350
2016-10-13	48050.0	48150.0	47200.0	47300.0	47300.0	240839
2016-10-14	47250.0	47800.0	47250.0	47550.0	47550.0	182098
2016-10-17	47850.0	47850.0	47300.0	47300.0	47300.0	182420
2016-10-18	47150.0	47500.0	47100.0	47300.0	47300.0	149976
2016-10-19	47300.0	47950.0	47300.0	47350.0	47350.0	175710
2016-10-20	47400.0	47450.0	47100.0	47100.0	47100.0	221477
2016-10-21	47350.0	48750.0	47050.0	48150.0	48150.0	375137
2016-10-24	48700.0	49050.0	48200.0	48350.0	48350.0	258556
2016-10-25	48350.0	48400.0	47750.0	47800.0	47800.0	217204
2016-10-26	47850.0	47900.0	47100.0	47250.0	47250.0	223924
2016-10-27	47300.0	48350.0	47300.0	48000.0	48000.0	277896
2016-10-28	48100.0	48450.0	47400.0	48350.0	48350.0	248303
2016-10-31	48200.0	48200.0	47100.0	47100.0	47100.0	323617
2016-11-01	47100.0	47200.0	46300.0	46550.0	46550.0	256549
2016-11-02	46100.0	46200.0	45350.0	45400.0	45400.0	369063
2016-11-03	44950.0	46350.0	44800.0	45950.0	45950.0	229151
2016-11-04	46000.0	46400.0	45350.0	45600.0	45600.0	242692
2016-11-07	46250.0	47900.0	46100.0	47800.0	47800.0	364493
2016-11-08	48400.0	48450.0	47200.0	48000.0	48000.0	168677
2016-11-09	48350.0	48350.0	45850.0	47000.0	47000.0	471024
2016-11-10	47500.0	48000.0	47150.0	47950.0	47950.0	276778
2016-11-11	47550.0	47650.0	46800.0	46850.0	46850.0	233490
2016-11-14	47050.0	47150.0	46400.0	46800.0	46800.0	192320
2016-11-15	48700.0	51000.0	48650.0	49900.0	49900.0	1766428
2016-11-16	50700.0	50900.0	48650.0	49050.0	49050.0	670298
2016-11-17	49000.0	49950.0	48550.0	48850.0	48850.0	315940
2016-11-18	48850.0	49100.0	48000.0	48100.0	48100.0	323121
2016-11-21	47950.0	48450.0	47450.0	48150.0	48150.0	212684
2016-11-22	48050.0	48100.0	47200.0	47650.0	47650.0	413190
2016-11-23	47500.0	47750.0	47000.0	47000.0	47000.0	279727
2016-11-24	47000.0	47000.0	45750.0	45850.0	45850.0	345782
2016-11-25	45850.0	46500.0	45650.0	46150.0	46150.0	142528
2016-11-28	45800.0	46750.0	45800.0	46300.0	46300.0	146642
2016-11-29	45950.0	46850.0	45950.0	46500.0	46500.0	154982
2016-11-30	46800.0	47000.0	46300.0	46300.0	46300.0	284271
2016-12-01	46500.0	47000.0	45900.0	46750.0	46750.0	209680
2016-12-02	46450.0	46800.0	46250.0	46600.0	46600.0	153604
2016-12-05	46450.0	46500.0	45800.0	46000.0	46000.0	268606
2016-12-06	46100.0	46700.0	46100.0	46250.0	46250.0	371954
2016-12-07	46500.0	46650.0	45300.0	45750.0	45750.0	444773
2016-12-08	46100.0	46200.0	45350.0	45350.0	45350.0	685196
2016-12-09	45150.0	45800.0	44900.0	45700.0	45700.0	352700
2016-12-12	45700.0	46250.0	45500.0	45550.0	45550.0	299953
2016-12-13	45750.0	45950.0	45550.0	45750.0	45750.0	288448
2016-12-14	46000.0	46500.0	45850.0	45950.0	45950.0	319640
2016-12-15	46050.0	46300.0	45850.0	46200.0	46200.0	247693
2016-12-16	46200.0	46400.0	45750.0	45900.0	45900.0	327448
2016-12-19	46000.0	47750.0	46000.0	47550.0	47550.0	662942
2016-12-20	47550.0	48350.0	47050.0	47950.0	47950.0	511987
2016-12-21	48350.0	49200.0	47700.0	47750.0	47750.0	664323
2016-12-22	47750.0	48450.0	47650.0	48100.0	48100.0	306607
2016-12-23	48150.0	49450.0	48100.0	49400.0	49400.0	578728
2016-12-26	49800.0	49800.0	48950.0	49350.0	49350.0	338554
2016-12-27	49450.0	50700.0	49400.0	50300.0	50300.0	729946
2016-12-28	50200.0	50800.0	49600.0	50400.0	50400.0	523014
2016-12-29	50400.0	50900.0	49850.0	50800.0	50800.0	331263
2017-01-02	50400.0	50800.0	49850.0	50500.0	50500.0	264982
2017-01-03	51000.0	52300.0	50800.0	52100.0	52100.0	545167
2017-01-04	51800.0	52100.0	51300.0	51700.0	51700.0	355343
2017-01-05	51900.0	52400.0	51500.0	52000.0	52000.0	281546
2017-01-06	52200.0	52800.0	51800.0	51900.0	51900.0	265249
2017-01-09	52000.0	52000.0	50400.0	50700.0	50700.0	479405
2017-01-10	50800.0	51900.0	50600.0	50700.0	50700.0	379145
2017-01-11	50700.0	51800.0	50300.0	51500.0	51500.0	332095
2017-01-12	51300.0	52300.0	51100.0	51900.0	51900.0	286429
2017-01-13	51400.0	51700.0	50700.0	50800.0	50800.0	322325
2017-01-16	50700.0	51300.0	50300.0	50500.0	50500.0	302482
2017-01-17	50300.0	51100.0	50300.0	50600.0	50600.0	231985
2017-01-18	50600.0	52700.0	50600.0	52600.0	52600.0	660671
2017-01-19	53100.0	53100.0	52000.0	52200.0	52200.0	469082
2017-01-20	52400.0	53400.0	52100.0	52900.0	52900.0	476761
2017-01-23	53500.0	54800.0	53500.0	54200.0	54200.0	768183
2017-01-24	54100.0	54800.0	53900.0	54700.0	54700.0	409267
2017-01-25	54500.0	57400.0	54500.0	56600.0	56600.0	1195913
2017-01-26	56900.0	58100.0	55700.0	56400.0	56400.0	899782
2017-01-31	56400.0	57200.0	56000.0	56700.0	56700.0	390338
2017-02-01	56800.0	57300.0	55200.0	56700.0	56700.0	569978
2017-02-02	56300.0	57800.0	55600.0	55900.0	55900.0	593896
2017-02-03	55900.0	56600.0	55300.0	56000.0	56000.0	411571
2017-02-06	56600.0	56600.0	55600.0	56200.0	56200.0	258381
2017-02-07	56400.0	56500.0	55800.0	56100.0	56100.0	224546
2017-02-08	56100.0	56200.0	54700.0	55100.0	55100.0	523030
2017-02-09	55100.0	57400.0	55000.0	57400.0	57400.0	667152
2017-02-10	57600.0	57800.0	56500.0	56600.0	56600.0	430606
2017-02-13	56900.0	57000.0	55100.0	55500.0	55500.0	426847
2017-02-14	55600.0	56400.0	55000.0	55600.0	55600.0	340861
2017-02-15	55400.0	56600.0	55100.0	56600.0	56600.0	382765
2017-02-16	56900.0	59300.0	56900.0	58800.0	58800.0	1451066
2017-02-17	58200.0	59600.0	58000.0	59200.0	59200.0	693416
2017-02-20	60000.0	60300.0	59200.0	59700.0	59700.0	547849
2017-02-21	59700.0	60200.0	59400.0	59900.0	59900.0	368933
2017-02-22	60100.0	60200.0	59400.0	59900.0	59900.0	278175
2017-02-23	60100.0	61300.0	59700.0	60800.0	60800.0	493987
2017-02-24	61100.0	61100.0	57600.0	58300.0	58300.0	855809
2017-02-27	58400.0	58500.0	57300.0	58000.0	58000.0	495145
2017-02-28	58400.0	58800.0	57800.0	58500.0	58500.0	361623
2017-03-02	59100.0	59300.0	58200.0	58300.0	58300.0	385869
2017-03-03	57700.0	58800.0	57600.0	58700.0	58700.0	250008
2017-03-06	58800.0	60200.0	58300.0	59800.0	59800.0	467025
2017-03-07	60000.0	60400.0	59700.0	60000.0	60000.0	358215
2017-03-08	60100.0	60900.0	59500.0	60100.0	60100.0	353473
2017-03-09	59900.0	60100.0	58600.0	58600.0	58600.0	432363
2017-03-10	59000.0	59400.0	57900.0	58800.0	58800.0	354570
2017-03-13	58800.0	61400.0	58800.0	61200.0	61200.0	729098
2017-03-14	61300.0	62500.0	61100.0	62200.0	62200.0	745728
2017-03-15	62300.0	63500.0	62300.0	62700.0	62700.0	517711
2017-03-16	63300.0	64000.0	62500.0	64000.0	64000.0	746832
2017-03-17	63900.0	66800.0	63500.0	66300.0	66300.0	1159979
2017-03-20	66700.0	67400.0	65900.0	66900.0	66900.0	543321
2017-03-21	67000.0	67500.0	65600.0	67400.0	67400.0	647728
2017-03-22	66600.0	68400.0	66400.0	67600.0	67600.0	471131
2017-03-23	68100.0	68100.0	66600.0	67400.0	67400.0	477059
2017-03-24	67500.0	68900.0	67400.0	68200.0	68200.0	405708
2017-03-27	68100.0	68500.0	66200.0	66300.0	66300.0	511488
2017-03-28	66800.0	67700.0	65500.0	66000.0	66000.0	486924
2017-03-29	66400.0	69400.0	65600.0	69000.0	69000.0	993872
2017-03-30	69800.0	70400.0	68300.0	69200.0	69200.0	703041
2017-03-31	69200.0	70300.0	68800.0	69500.0	69500.0	438173
2017-04-03	70000.0	70000.0	68300.0	69000.0	69000.0	329334
2017-04-04	68400.0	68500.0	67100.0	67600.0	67600.0	483022
2017-04-05	66600.0	68200.0	66000.0	68100.0	68100.0	606466
2017-04-06	67900.0	68600.0	67300.0	68600.0	68600.0	319483
2017-04-07	68300.0	69000.0	67100.0	67900.0	67900.0	408976
2017-04-10	68000.0	69900.0	67700.0	68700.0	68700.0	563643
2017-04-11	68400.0	68800.0	67400.0	68000.0	68000.0	386208
2017-04-12	68300.0	69500.0	68200.0	69200.0	69200.0	399233
2017-04-13	69400.0	69700.0	68300.0	69200.0	69200.0	395851
2017-04-14	68700.0	69000.0	66800.0	67500.0	67500.0	494310
2017-04-17	67300.0	68000.0	67100.0	67400.0	67400.0	244812
2017-04-18	67800.0	68300.0	67500.0	68000.0	68000.0	303898
2017-04-19	68200.0	68500.0	67700.0	68200.0	68200.0	294538
2017-04-20	68100.0	68100.0	66600.0	67000.0	67000.0	552349
2017-04-21	67500.0	69400.0	67200.0	69200.0	69200.0	738359
2017-04-24	69800.0	69800.0	68800.0	69300.0	69300.0	348238
2017-04-25	69700.0	70700.0	69300.0	70400.0	70400.0	711139
2017-04-26	70900.0	71800.0	69100.0	70600.0	70600.0	1138251
2017-04-27	71000.0	72900.0	70000.0	72900.0	72900.0	1128276
2017-04-28	72700.0	74900.0	72400.0	73100.0	73100.0	806660
2017-05-02	73100.0	74500.0	72400.0	73000.0	73000.0	422194
2017-05-04	73300.0	75000.0	73200.0	75000.0	75000.0	610789
2017-05-08	75400.0	76500.0	74500.0	76500.0	76500.0	716308
2017-05-10	76700.0	78000.0	75900.0	75900.0	75900.0	542400
2017-05-11	76600.0	78000.0	76000.0	78000.0	78000.0	572700
2017-05-12	78000.0	78000.0	76800.0	77400.0	77400.0	424588
2017-05-15	77600.0	77600.0	75400.0	76400.0	76400.0	484475
2017-05-16	77000.0	77900.0	76100.0	76800.0	76800.0	407480
2017-05-17	76300.0	77100.0	76100.0	76600.0	76600.0	316465
2017-05-18	75500.0	76300.0	75200.0	75600.0	75600.0	408268
2017-05-19	75900.0	79300.0	75900.0	78600.0	78600.0	860919
2017-05-22	79700.0	80300.0	78900.0	79400.0	79400.0	491747
2017-05-23	79800.0	81400.0	79800.0	81000.0	81000.0	702921
2017-05-24	81700.0	83100.0	81500.0	83100.0	83100.0	766024
2017-05-25	83200.0	83300.0	81700.0	82400.0	82400.0	560600
2017-05-26	82600.0	83100.0	81700.0	82300.0	82300.0	452177
2017-05-29	82900.0	84400.0	82900.0	84100.0	84100.0	501168
2017-05-30	84700.0	84800.0	82500.0	83000.0	83000.0	552819
2017-05-31	82800.0	82800.0	81500.0	82500.0	82500.0	796415
2017-06-01	82400.0	82600.0	81800.0	82000.0	82000.0	291177
2017-06-02	82600.0	83900.0	82300.0	83800.0	83800.0	485700
2017-06-05	84100.0	84400.0	82600.0	83500.0	83500.0	339859
2017-06-07	83200.0	84000.0	82800.0	82900.0	82900.0	374869
2017-06-08	83700.0	85900.0	82900.0	85200.0	85200.0	949152
2017-06-09	85800.0	86400.0	84700.0	86100.0	86100.0	523707
2017-06-12	85100.0	85700.0	82300.0	82400.0	82400.0	1006493
2017-06-13	81700.0	84000.0	81700.0	83700.0	83700.0	579653
2017-06-14	84800.0	86400.0	84500.0	85100.0	85100.0	723879
2017-06-15	84200.0	86400.0	84200.0	86000.0	86000.0	621311
2017-06-16	85600.0	89500.0	85500.0	89400.0	89400.0	1111493
2017-06-19	90300.0	94300.0	89900.0	93800.0	93800.0	1173788
2017-06-20	95400.0	96500.0	93400.0	94100.0	94100.0	801933
2017-06-21	93200.0	96100.0	91000.0	95000.0	95000.0	824813
2017-06-22	96300.0	100000.0	96000.0	100000.0	100000.0	1925614
2017-06-23	101500.0	102500.0	99100.0	100500.0	100500.0	729619
2017-06-26	101000.0	110000.0	99600.0	110000.0	110000.0	1520608
2017-06-27	110500.0	112000.0	106500.0	109500.0	109500.0	1404877
2017-06-28	106500.0	108000.0	102000.0	102500.0	102500.0	1868011
2017-06-29	104500.0	105500.0	99900.0	101500.0	101500.0	1771828
2017-06-30	99500.0	103000.0	98700.0	102000.0	102000.0	1157677
2017-07-03	101500.0	103000.0	96600.0	97500.0	97500.0	1559815
2017-07-04	97200.0	99800.0	96400.0	98100.0	98100.0	1035575
2017-07-05	98900.0	103000.0	98700.0	101500.0	101500.0	1277231
2017-07-06	103000.0	104000.0	98500.0	99800.0	99800.0	1256348
2017-07-07	98500.0	102000.0	98500.0	99300.0	99300.0	698903
2017-07-10	101000.0	101500.0	98500.0	99300.0	99300.0	560828
2017-07-11	100000.0	102000.0	99500.0	102000.0	102000.0	812891
2017-07-12	103000.0	104000.0	99600.0	100000.0	100000.0	717474
2017-07-13	101500.0	106500.0	100500.0	104500.0	104500.0	1521245
2017-07-14	106000.0	108500.0	103500.0	104000.0	104000.0	1009714
2017-07-17	105500.0	106500.0	103500.0	106000.0	106000.0	691856
2017-07-18	105500.0	107000.0	104500.0	105500.0	105500.0	432968
2017-07-19	106000.0	106500.0	101000.0	102000.0	102000.0	992179
2017-07-20	102500.0	103000.0	99700.0	102000.0	102000.0	886832
2017-07-21	102000.0	106000.0	101000.0	106000.0	106000.0	1142843
2017-07-24	108000.0	109000.0	105000.0	106500.0	106500.0	996745
2017-07-25	106500.0	107000.0	103000.0	103500.0	103500.0	695550
2017-07-26	102500.0	103500.0	99100.0	99500.0	99500.0	1337274
2017-07-27	99500.0	102500.0	99300.0	100000.0	100000.0	840017
2017-07-28	99100.0	99400.0	91500.0	91900.0	91900.0	2581821
2017-07-31	90500.0	94700.0	89100.0	93700.0	93700.0	1449073
2017-08-01	92300.0	95200.0	92000.0	92600.0	92600.0	1074159
2017-08-02	95900.0	96800.0	94300.0	95200.0	95200.0	1106105
2017-08-03	95700.0	96000.0	91600.0	92700.0	92700.0	929298
2017-08-04	92600.0	94300.0	90500.0	93700.0	93700.0	797859
2017-08-07	94400.0	95300.0	93700.0	93800.0	93800.0	519340
2017-08-08	94300.0	96500.0	94300.0	96200.0	96200.0	688875
2017-08-09	95300.0	95800.0	92600.0	92800.0	92800.0	748961
2017-08-10	92000.0	94400.0	90200.0	92600.0	92600.0	1035210
2017-08-11	90100.0	91500.0	89100.0	91100.0	91100.0	888162
2017-08-14	92800.0	95300.0	92200.0	94800.0	94800.0	695261
2017-08-16	96500.0	97300.0	95000.0	95600.0	95600.0	747342
2017-08-17	95700.0	97000.0	95100.0	96100.0	96100.0	498189
2017-08-18	94500.0	97000.0	93600.0	96800.0	96800.0	579051
2017-08-21	96800.0	101000.0	96700.0	98700.0	98700.0	837282
2017-08-22	100000.0	101000.0	98700.0	99100.0	99100.0	564678
2017-08-23	100500.0	100500.0	97300.0	97700.0	97700.0	747693
2017-08-24	97900.0	99900.0	97200.0	98400.0	98400.0	729506
2017-08-25	99000.0	99300.0	96800.0	98000.0	98000.0	569039
2017-08-28	98600.0	99700.0	97500.0	98300.0	98300.0	415055
2017-08-29	97800.0	98200.0	95900.0	97200.0	97200.0	636513
2017-08-30	98000.0	99900.0	97500.0	99900.0	99900.0	705687
2017-08-31	101000.0	102500.0	100000.0	101000.0	101000.0	778017
2017-09-01	102000.0	102500.0	99000.0	100000.0	100000.0	645189
2017-09-04	96000.0	98800.0	96000.0	97300.0	97300.0	745705
2017-09-05	98200.0	99100.0	96400.0	99100.0	99100.0	619962
2017-09-06	98800.0	100500.0	98300.0	100500.0	100500.0	523871
2017-09-07	101000.0	102000.0	100000.0	101000.0	101000.0	594225
2017-09-08	102000.0	104000.0	101500.0	104000.0	104000.0	1099494
2017-09-11	106000.0	109000.0	105500.0	109000.0	109000.0	1348094
2017-09-12	110000.0	110000.0	107000.0	109500.0	109500.0	720070
2017-09-13	109000.0	111000.0	107500.0	108500.0	108500.0	817277
2017-09-14	109000.0	110000.0	107500.0	108000.0	108000.0	694108
2017-09-15	107000.0	112000.0	107000.0	112000.0	112000.0	1008166
2017-09-18	113000.0	114500.0	110000.0	110500.0	110500.0	1027445
2017-09-19	110500.0	111000.0	108000.0	109000.0	109000.0	648841
2017-09-20	109500.0	111000.0	108000.0	109000.0	109000.0	665160
2017-09-21	109500.0	109500.0	104000.0	105500.0	105500.0	1009950
2017-09-25	102500.0	105500.0	101500.0	103500.0	103500.0	732786
2017-09-26	103500.0	103500.0	103500.0	103500.0	103500.0	0
2017-09-27	102500.0	103500.0	100000.0	102500.0	102500.0	505583
2017-09-28	103000.0	104000.0	100000.0	101000.0	101000.0	606027
2017-09-29	101000.0	102000.0	99200.0	102000.0	102000.0	749117
2017-10-10	103500.0	107500.0	102500.0	107000.0	107000.0	908194
2017-10-11	107500.0	109000.0	104500.0	105000.0	105000.0	825625
2017-10-12	105000.0	106000.0	101500.0	102500.0	102500.0	974908
2017-10-13	102000.0	102500.0	99700.0	99800.0	99800.0	1287527
2017-10-16	100000.0	101000.0	95200.0	96300.0	96300.0	1349042
2017-10-17	97900.0	99500.0	97900.0	99300.0	99300.0	654346
2017-10-18	99200.0	99400.0	95800.0	96100.0	96100.0	779305
2017-10-19	95800.0	98200.0	95200.0	95800.0	95800.0	779355
2017-10-20	96000.0	99300.0	96000.0	99300.0	99300.0	669218
2017-10-23	100000.0	101000.0	98500.0	100500.0	100500.0	530230
2017-10-24	99800.0	99900.0	97500.0	97500.0	97500.0	534149
2017-10-25	98200.0	98400.0	96700.0	97200.0	97200.0	390236
2017-10-26	97200.0	99500.0	96700.0	96800.0	96800.0	595747
2017-10-27	97200.0	97500.0	96300.0	97200.0	97200.0	371313
2017-10-30	99000.0	103000.0	97700.0	103000.0	103000.0	1490876
2017-10-31	104500.0	105000.0	102500.0	104000.0	104000.0	931524
2017-11-01	104500.0	106000.0	103500.0	105000.0	105000.0	786437
2017-11-02	105000.0	105000.0	101000.0	101500.0	101500.0	585369
2017-11-03	103000.0	103500.0	100500.0	102500.0	102500.0	387200
2017-11-06	101500.0	102000.0	99500.0	100000.0	100000.0	580649
2017-11-07	100000.0	104000.0	98800.0	104000.0	104000.0	865030
2017-11-08	104000.0	105000.0	103000.0	105000.0	105000.0	530563
2017-11-09	105500.0	105500.0	103000.0	103500.0	103500.0	566908
2017-11-10	102500.0	104500.0	102000.0	104500.0	104500.0	451315
2017-11-13	103500.0	104000.0	100000.0	100000.0	100000.0	751762
2017-11-14	99600.0	101000.0	98600.0	100000.0	100000.0	593942
2017-11-15	100500.0	100500.0	98800.0	100500.0	100500.0	454300
2017-11-16	100500.0	105000.0	99800.0	104500.0	104500.0	1050911
2017-11-17	107500.0	110000.0	106500.0	109000.0	109000.0	2119111
2017-11-20	110500.0	111000.0	106500.0	108000.0	108000.0	839934
2017-11-21	108500.0	109500.0	107000.0	108500.0	108500.0	774120
2017-11-22	109500.0	110000.0	107000.0	109500.0	109500.0	912181
2017-11-23	109000.0	109500.0	107000.0	108000.0	108000.0	584419
2017-11-24	107500.0	108000.0	105500.0	107000.0	107000.0	524087
2017-11-27	107500.0	108500.0	102000.0	103000.0	103000.0	954687
2017-11-28	102500.0	104500.0	100000.0	102500.0	102500.0	768468
2017-11-29	102500.0	104000.0	102000.0	103000.0	103000.0	314177
2017-11-30	100000.0	102000.0	99500.0	100000.0	100000.0	777687
2017-12-01	100500.0	103000.0	99700.0	102500.0	102500.0	489120
2017-12-04	102500.0	103000.0	99000.0	100500.0	100500.0	826989
2017-12-05	100000.0	101000.0	98600.0	100000.0	100000.0	415913
2017-12-06	100000.0	101000.0	97500.0	97500.0	97500.0	996778
2017-12-07	97500.0	99500.0	97400.0	99000.0	99000.0	505920
2017-12-08	99400.0	101000.0	99300.0	99600.0	99600.0	423096
2017-12-11	101500.0	101500.0	99500.0	100500.0	100500.0	301089
2017-12-12	100500.0	100500.0	98400.0	98800.0	98800.0	447408
2017-12-13	99200.0	100500.0	98500.0	99600.0	99600.0	314098
2017-12-14	100000.0	101500.0	98000.0	98000.0	98000.0	745321
2017-12-15	99700.0	101500.0	99600.0	100500.0	100500.0	545369
2017-12-18	101500.0	101500.0	99400.0	99500.0	99500.0	443166
2017-12-19	101000.0	103500.0	100500.0	102000.0	102000.0	965455
2017-12-21	102500.0	103000.0	98500.0	98700.0	98700.0	899665
2017-12-22	98900.0	100500.0	97000.0	99800.0	99800.0	543559
2017-12-26	100000.0	100000.0	96700.0	96700.0	96700.0	982523
2017-12-27	97000.0	99100.0	96900.0	98500.0	98500.0	490596
2017-12-28	98400.0	100000.0	96900.0	100000.0	100000.0	568856
2018-01-02	100000.0	101500.0	99500.0	101000.0	101000.0	450651
2018-01-03	101500.0	102000.0	99700.0	100000.0	100000.0	424305
2018-01-04	101000.0	101000.0	98700.0	98800.0	98800.0	407340
2018-01-05	99900.0	107000.0	99400.0	107000.0	107000.0	2045463
2018-01-08	108000.0	109500.0	106000.0	108500.0	108500.0	1202536
2018-01-09	109000.0	109500.0	105500.0	107000.0	107000.0	719512
2018-01-10	107500.0	108000.0	101000.0	103000.0	103000.0	1102888
2018-01-11	103000.0	105000.0	101500.0	105000.0	105000.0	569806
2018-01-12	105000.0	106000.0	102500.0	104500.0	104500.0	749325
2018-01-15	105000.0	106000.0	103000.0	104500.0	104500.0	451938
2018-01-16	104500.0	107000.0	102500.0	107000.0	107000.0	783683
2018-01-17	107500.0	107500.0	104500.0	105000.0	105000.0	548328
2018-01-18	106000.0	109000.0	103500.0	103500.0	103500.0	880014
2018-01-19	104000.0	107000.0	100500.0	101500.0	101500.0	1096995
2018-01-22	101000.0	101500.0	98600.0	98800.0	98800.0	1056405
2018-01-23	99700.0	101000.0	98800.0	100500.0	100500.0	686888
2018-01-24	100000.0	101000.0	99600.0	100500.0	100500.0	365150
2018-01-25	101000.0	104000.0	101000.0	103000.0	103000.0	760927
2018-01-26	104000.0	105500.0	103000.0	104500.0	104500.0	596747
2018-01-29	105000.0	109500.0	104000.0	108500.0	108500.0	1503200
2018-01-30	109000.0	109500.0	105500.0	105500.0	105500.0	911392
2018-01-31	105000.0	108500.0	104500.0	106500.0	106500.0	1351625
2018-02-01	107500.0	108500.0	102000.0	103000.0	103000.0	1289387
2018-02-02	102500.0	103000.0	100000.0	101000.0	101000.0	967324
2018-02-05	98000.0	99500.0	97500.0	99200.0	99200.0	908776
2018-02-06	95400.0	97900.0	94800.0	97200.0	97200.0	996205
2018-02-07	99400.0	99500.0	94700.0	94900.0	94900.0	794658
2018-02-08	94300.0	96500.0	94300.0	95500.0	95500.0	582009
2018-02-09	92500.0	93700.0	92100.0	92300.0	92300.0	603433
2018-02-12	93100.0	96600.0	93100.0	95800.0	95800.0	548966
2018-02-13	97200.0	97400.0	94300.0	94700.0	94700.0	509521
2018-02-14	95800.0	97300.0	95500.0	97300.0	97300.0	401147
2018-02-19	98500.0	98800.0	96900.0	98100.0	98100.0	476791
2018-02-20	98300.0	98700.0	95500.0	95900.0	95900.0	494375
2018-02-21	96000.0	96400.0	94800.0	96100.0	96100.0	420658
2018-02-22	96100.0	97200.0	95600.0	95900.0	95900.0	476378
2018-02-23	96100.0	97500.0	96100.0	97100.0	97100.0	388361
2018-02-26	98300.0	98400.0	95000.0	95400.0	95400.0	602031
2018-02-27	96300.0	96500.0	94500.0	94700.0	94700.0	469458
2018-02-28	94300.0	95300.0	92200.0	92600.0	92600.0	811455
2018-03-02	91100.0	91800.0	90100.0	91000.0	91000.0	645289
2018-03-05	90600.0	91100.0	88900.0	89000.0	89000.0	745131
2018-03-06	90400.0	92500.0	90200.0	92100.0	92100.0	577360
2018-03-07	92400.0	93500.0	90300.0	91600.0	91600.0	621541
2018-03-08	93000.0	93100.0	91000.0	92400.0	92400.0	592541
2018-03-09	92400.0	96200.0	92200.0	95800.0	95800.0	933502
2018-03-12	98300.0	98300.0	95800.0	96300.0	96300.0	857594
2018-03-13	96300.0	96400.0	94100.0	94700.0	94700.0	718429
2018-03-14	95100.0	96900.0	94900.0	96600.0	96600.0	619066
2018-03-15	96300.0	97000.0	95400.0	96800.0	96800.0	330118
2018-03-16	97200.0	97500.0	95700.0	97500.0	97500.0	493469
2018-03-19	98100.0	100500.0	97900.0	99200.0	99200.0	1027422
2018-03-20	99700.0	100500.0	98200.0	100500.0	100500.0	711504
2018-03-21	101500.0	102000.0	100000.0	101000.0	101000.0	529636
2018-03-22	101000.0	104000.0	100000.0	103500.0	103500.0	981309
2018-03-23	100000.0	104500.0	99700.0	101000.0	101000.0	1273666
2018-03-26	101500.0	104500.0	100000.0	104500.0	104500.0	1053061
2018-03-27	107000.0	108500.0	106000.0	107500.0	107500.0	1297754
2018-03-28	106500.0	107500.0	104000.0	104500.0	104500.0	829183
2018-03-29	105000.0	107000.0	104500.0	107000.0	107000.0	610215
2018-03-30	108000.0	108000.0	105500.0	105500.0	105500.0	469977
2018-04-02	105500.0	106000.0	102000.0	103000.0	103000.0	537532
2018-04-03	101000.0	107000.0	101000.0	106500.0	106500.0	756439
2018-04-04	107500.0	108000.0	102500.0	103000.0	103000.0	770801
2018-04-05	104500.0	106000.0	103500.0	105500.0	105500.0	395149
2018-04-06	104500.0	107000.0	104000.0	106000.0	106000.0	453281
2018-04-09	105000.0	107000.0	104500.0	106000.0	106000.0	347661
2018-04-10	106500.0	109000.0	105500.0	109000.0	109000.0	1156433
2018-04-11	109000.0	109500.0	107500.0	108000.0	108000.0	683675
2018-04-12	109500.0	116000.0	108000.0	115500.0	115500.0	2888785
2018-04-13	118500.0	120500.0	116500.0	118500.0	118500.0	1841133
2018-04-16	119500.0	126000.0	118000.0	126000.0	126000.0	1931596
2018-04-17	126000.0	129000.0	124500.0	128000.0	128000.0	1487326
2018-04-18	127000.0	128500.0	124000.0	128000.0	128000.0	1183504
2018-04-19	128000.0	129500.0	123500.0	124000.0	124000.0	814517
2018-04-20	123000.0	127500.0	121500.0	122000.0	122000.0	999005
2018-04-23	123500.0	125500.0	122000.0	123500.0	123500.0	616783
2018-04-24	123500.0	124000.0	116500.0	117000.0	117000.0	1365265
2018-04-25	115500.0	119000.0	114000.0	117500.0	117500.0	1098724
2018-04-26	118000.0	123000.0	116000.0	118500.0	118500.0	1451854
2018-04-27	122000.0	123500.0	119000.0	121500.0	121500.0	895252
2018-04-30	122500.0	123500.0	117000.0	118500.0	118500.0	783512
2018-05-02	118500.0	120500.0	116000.0	117000.0	117000.0	717939
2018-05-03	117500.0	118000.0	109000.0	110500.0	110500.0	2001664
2018-05-04	111500.0	116500.0	111000.0	115000.0	115000.0	1046778
2018-05-08	116500.0	120000.0	116000.0	116000.0	116000.0	747531
2018-05-09	117500.0	123000.0	117000.0	121500.0	121500.0	1287493
2018-05-10	122500.0	124000.0	120500.0	123000.0	123000.0	749772
2018-05-11	124000.0	124000.0	121000.0	124000.0	124000.0	487366
2018-05-14	123500.0	125500.0	119500.0	125000.0	125000.0	750408
2018-05-15	126500.0	127000.0	124500.0	125500.0	125500.0	572997
2018-05-16	124000.0	125500.0	121000.0	123500.0	123500.0	497901
2018-05-17	124000.0	125500.0	117500.0	118500.0	118500.0	1036518
2018-05-18	120500.0	122500.0	119000.0	120000.0	120000.0	580941
2018-05-21	121500.0	125500.0	119000.0	125500.0	125500.0	892586
2018-05-23	126500.0	129000.0	126000.0	128000.0	128000.0	817172
2018-05-24	129000.0	130000.0	127000.0	129000.0	129000.0	439665
2018-05-25	128000.0	130000.0	127000.0	130000.0	130000.0	705159
2018-05-28	130500.0	130500.0	126500.0	130000.0	130000.0	468126
2018-05-29	129500.0	132000.0	128000.0	129000.0	129000.0	366984
2018-05-30	127500.0	129000.0	125000.0	127500.0	127500.0	713957
2018-05-31	129500.0	134000.0	128500.0	134000.0	134000.0	1310135
2018-06-01	134000.0	139500.0	134000.0	138500.0	138500.0	1083841
2018-06-04	140000.0	141000.0	137500.0	140500.0	140500.0	620404
2018-06-05	141000.0	141000.0	138000.0	139000.0	139000.0	401539
2018-06-07	143000.0	145000.0	142000.0	145000.0	145000.0	819096
2018-06-08	146000.0	146500.0	143500.0	146000.0	146000.0	634296
2018-06-11	145000.0	147000.0	143000.0	145500.0	145500.0	454893
2018-06-12	146000.0	149000.0	143000.0	145000.0	145000.0	534440
2018-06-14	145500.0	149000.0	143500.0	146000.0	146000.0	596822
2018-06-15	148000.0	148500.0	139500.0	146500.0	146500.0	884175
2018-06-18	146500.0	148000.0	139500.0	142000.0	142000.0	640980
2018-06-19	142500.0	146000.0	141500.0	142000.0	142000.0	562581
2018-06-20	145000.0	153000.0	143000.0	152000.0	152000.0	1186214
2018-06-21	155500.0	158000.0	153500.0	154500.0	154500.0	1107114
2018-06-22	153500.0	156000.0	148500.0	151000.0	151000.0	866945
2018-06-25	152500.0	153500.0	148500.0	153500.0	153500.0	637697
2018-06-26	151000.0	151000.0	145500.0	148000.0	148000.0	1349560
2018-06-27	147500.0	153000.0	147000.0	149000.0	149000.0	642899
2018-06-28	149500.0	152000.0	147000.0	149500.0	149500.0	404532
2018-06-29	150000.0	151000.0	145000.0	148500.0	148500.0	540056
2018-07-02	149000.0	150500.0	147500.0	148500.0	148500.0	521237
2018-07-03	151000.0	154500.0	147000.0	151500.0	151500.0	781246
2018-07-04	150000.0	151000.0	141500.0	142500.0	142500.0	1033259
2018-07-05	140500.0	146000.0	138500.0	143000.0	143000.0	804403
2018-07-06	145000.0	151000.0	143500.0	148500.0	148500.0	839959
2018-07-09	153000.0	158000.0	152000.0	155000.0	155000.0	897046
2018-07-10	156500.0	157500.0	152500.0	154500.0	154500.0	474999
2018-07-11	152000.0	156500.0	151500.0	155000.0	155000.0	489534
2018-07-12	156000.0	158000.0	154500.0	156000.0	156000.0	457369
2018-07-13	157000.0	164000.0	156500.0	162500.0	162500.0	996142
2018-07-16	164500.0	164500.0	158000.0	159000.0	159000.0	534169
2018-07-17	158000.0	160000.0	154500.0	156500.0	156500.0	488161
2018-07-18	157500.0	160000.0	152000.0	153500.0	153500.0	740398
2018-07-19	154500.0	157500.0	153000.0	154000.0	154000.0	589835
2018-07-20	153500.0	157500.0	147000.0	150500.0	150500.0	878089
2018-07-23	150500.0	152000.0	145000.0	148000.0	148000.0	738634
2018-07-24	147500.0	159500.0	147500.0	159000.0	159000.0	1060592
2018-07-25	159000.0	159500.0	153000.0	158500.0	158500.0	1008345
2018-07-26	162000.0	166000.0	158000.0	163000.0	163000.0	1011587
2018-07-27	162500.0	163500.0	160500.0	163000.0	163000.0	282079
2018-07-30	163500.0	164000.0	152500.0	153000.0	153000.0	1060421
2018-07-31	154500.0	156500.0	147000.0	153500.0	153500.0	1129745
2018-08-01	154500.0	156000.0	151000.0	155500.0	155500.0	516410
2018-08-02	156000.0	160500.0	153000.0	156500.0	156500.0	845586
2018-08-03	158500.0	159500.0	156000.0	158500.0	158500.0	439180
2018-08-06	159500.0	160000.0	150500.0	151500.0	151500.0	904004
2018-08-07	151500.0	154000.0	150000.0	153500.0	153500.0	559275
2018-08-08	155500.0	155500.0	149500.0	149500.0	149500.0	596365
2018-08-09	150000.0	153500.0	147000.0	148000.0	148000.0	931030
2018-08-10	148500.0	148500.0	138000.0	139500.0	139500.0	1964817
2018-08-13	137000.0	140000.0	133500.0	139000.0	139000.0	1308728
2018-08-14	140000.0	143500.0	137500.0	140000.0	140000.0	1047637
2018-08-16	137000.0	142000.0	135500.0	140500.0	140500.0	605238
2018-08-17	142000.0	143000.0	137000.0	137500.0	137500.0	629454
2018-08-20	137500.0	139000.0	133000.0	133500.0	133500.0	927227
2018-08-21	135000.0	144000.0	134500.0	143500.0	143500.0	1251586
2018-08-22	146000.0	148000.0	143500.0	146000.0	146000.0	793779
2018-08-23	147500.0	148000.0	143500.0	147500.0	147500.0	411030
2018-08-24	147000.0	154000.0	145500.0	152500.0	152500.0	707898
2018-08-27	153500.0	159500.0	152500.0	159000.0	159000.0	872233
2018-08-28	160000.0	160500.0	155000.0	155500.0	155500.0	698522
2018-08-29	158000.0	162500.0	156500.0	160500.0	160500.0	776381
2018-08-30	161500.0	164500.0	159000.0	161500.0	161500.0	565770
2018-08-31	160500.0	162500.0	157500.0	161000.0	161000.0	426252
2018-09-03	161500.0	163000.0	157000.0	158500.0	158500.0	582151
2018-09-04	158000.0	164000.0	158000.0	163000.0	163000.0	552977
2018-09-05	163500.0	164000.0	159000.0	159500.0	159500.0	445305
2018-09-06	160000.0	163000.0	158000.0	162000.0	162000.0	607370
2018-09-07	160500.0	161000.0	153500.0	156500.0	156500.0	931114
2018-09-10	155000.0	158500.0	151500.0	153000.0	153000.0	847051
2018-09-11	153500.0	154500.0	147000.0	153000.0	153000.0	1151449
2018-09-12	153500.0	155000.0	144000.0	146500.0	146500.0	1756437
2018-09-13	146000.0	149000.0	144500.0	145000.0	145000.0	1062975
2018-09-14	148000.0	152000.0	147500.0	152000.0	152000.0	873332
2018-09-17	153500.0	154000.0	149500.0	152000.0	152000.0	636250
2018-09-18	150500.0	155000.0	149000.0	151500.0	151500.0	610960
2018-09-19	153500.0	154000.0	147500.0	151000.0	151000.0	650384
2018-09-20	152000.0	152000.0	145000.0	146000.0	146000.0	1055119
2018-09-21	148500.0	148500.0	142500.0	145000.0	145000.0	988039
